waypoints:
  wp0:
    x: 1.0
    y: 1.0
    z: 0.5
    yaw: 0.0
  wp1:
    x: 1.0
    y: 1.0
    z: 1.3
    yaw: 0.785398163
  wp2:
    x: 2.0
    y: 2.0
    z: 1.3
    yaw: 0.785398163